130
1 2 1.8 23
1 3 0.6 6
1 4 2.3 28
1 5 0.5 6
1 6 0.29 3
1 7 0.45 6
1 8 0.3 4
1 9 0.4 5
1 10 0.75 9
1 11 1.5 19
1 12 2.8 35
1 13 2.1 26
1 14 1 11
1 15 1.4 17
1 16 1.6 19
1 17 1.7 20
1 18 1.4 16
1 19 1.5 18
1 20 0.95 12
1 21 0.14 2
1 22 0.75 9
1 23 1.8 22
1 24 1.7 20
1 25 2.3 28
1 26 1.2 14
1 27 0.55 6
1 28 0.19 2
1 29 1.2 15
1 30 1.1 13
1 31 2.3 28
1 32 2.6 32
1 33 0.6 7
1 34 0.25 3
1 35 0.7 8
1 36 1.6 18
1 37 2.2 27
1 38 2.3 28
1 39 1.1 14
1 40 1.1 13
1 41 2 24
6 11 1.3 16
32 11 2.1 28
28 11 1.7 20
20 11 0.75 9
21 11 1.5 18
23 11 0.7 9
29 11 1.3 16
8 11 1.3 17
13 11 0.75 10
19 11 1 13
8 32 2.3 29
7 32 3 37
14 32 2.5 31
12 32 1.2 14
38 32 1.1 13
39 12 2.7 33
37 12 0.6 8
35 12 2.5 31
27 12 2.5 31
20 12 2 24
20 33 0.45 6
3 33 0.07 1
19 33 1 15
39 33 1.1 13
13 33 1.5 19
9 31 2.2 27
7 31 2.6 33
5 31 1.9 23
18 31 1.7 21
24 31 0.95 12
32 4 1.1 15
8 4 2.2 27
17 4 0.85 11
7 4 2.6 32
14 4 1.8 22
19 40 0.7 10
21 40 1.3 15
23 40 1.4 18
9 40 0.75 9
28 40 1.1 13
11 1 1.5 19
21 1 0.14 2
7 1 0.45 6
39 1 1.1 14
25 1 2.3 28
11 23 0.7 9
11 8 1.3 17
32 14 2.5 31
32 8 2.3 29
12 37 0.6 8
12 27 2.5 31
33 20 0.45 6
33 13 1.5 19
31 7 2.6 33
31 5 1.9 23
4 7 2.6 32
4 14 1.8 22
40 23 1.4 18
40 9 0.75 9
40 21 1.3 15
1 42 3.1 42
1 43 2.3 30
1 44 1.4 18
1 45 0.45 6
1 46 1.4 19
1 47 1.2 16
1 48 1.1 14
1 49 1.1 14
1 50 1 13
1 51 2.3 30
51 11 1.4 16
49 11 1.1 14
46 11 1 12
43 11 0.75 9
42 11 2.6 31
49 4 1.9 25
48 4 1.3 17
45 4 1.8 24
47 4 1.3 17
43 4 0.3 4
47 29 1.8 22
49 29 0.6 8
44 29 1.3 16
46 29 1.1 14
51 29 2.6 31
50 7 1.3 17
48 7 2.7 32
46 7 2.3 28
43 7 2.6 32
42 7 3.8 46
